1.101132217308706807e-01 0.000000000000000000e+00 0.000000000000000000e+00 0.000000000000000000e+00 0.000000000000000000e+00
1.323852102681670750e-01 0.000000000000000000e+00 0.000000000000000000e+00 0.000000000000000000e+00 0.000000000000000000e+00
1.591620299747651957e-01 0.000000000000000000e+00 0.000000000000000000e+00 0.000000000000000000e+00 0.000000000000000000e+00
1.913548479801708280e-01 0.000000000000000000e+00 0.000000000000000000e+00 0.000000000000000000e+00 0.000000000000000000e+00
2.300591281181810499e-01 8.202096040490955420e-02 1.006961078271023657e-01 -3.012331222296957822e-01 -1.509705914504596014e-01
2.765919075955798334e-01 0.000000000000000000e+00 0.000000000000000000e+00 0.000000000000000000e+00 0.000000000000000000e+00
3.325366134051515044e-01 8.567142108351690280e-03 2.665826900928159812e-02 1.423275324960736376e-03 -4.192725430257987496e-02
3.997969435051337284e-01 1.562877181011745192e-02 -3.020748551424263725e-02 1.637656809567952093e-02 1.573335925798360208e-02
4.806616462449693206e-01 3.808137427413537529e-02 1.019964165491002162e-01 -4.245601107991097550e-02 -1.998268258176806311e-01
5.778824023649830055e-01 1.632435275267297460e-03 -3.221304934125899383e-03 1.957430375665976212e-03 1.193965055279205215e-03
6.947674597546886766e-01 1.489000537709511988e-03 7.333606835820167744e-03 1.273846338458376609e-02 1.737482765474959723e-02
8.352942071925468781e-01 7.202202879574226384e-03 -1.006744134816007878e-02 1.582388335124683540e-04 7.076283845013357950e-03
1.004244517749547372e+00 8.008920701623498117e-03 -2.800598269739764008e-03 1.794864864240825787e-03 -1.885284660556780720e-02
1.207367467349796275e+00 3.723097130680111562e-03 5.031768446236000239e-03 -6.572114685294809175e-03 -1.017714446801686740e-02
1.451574965508760195e+00 3.563823017172739610e-03 -5.933656404346708665e-05 -2.709086331022144897e-03 -5.073291842972663633e-03
1.745176955212180081e+00 5.388531095569460555e-03 9.818897584425363180e-04 -1.822543085010572403e-03 -1.908153635869905881e-04
2.098164185365510193e+00 5.656563319215813374e-03 2.180061379090361597e-04 4.745847375052191755e-04 -3.964291382434450206e-04
2.522548178052969270e+00 6.063595496221440423e-03 -3.609102446570976262e-04 -7.994084442007869801e-04 1.197364034246506479e-03
3.032769959082037836e+00 3.650326358025632323e-03 -1.298797667609427782e-03 8.517579513832269434e-05 -2.411882358484702168e-03
3.646191460180441268e+00 2.387667189027599130e-03 7.790588432163124280e-05 1.074591498085329449e-04 -1.652885699398357305e-04
4.383686314380677018e+00 1.500722338969988270e-03 2.411681510003905690e-04 -2.973040029126739793e-04 1.142775729714083465e-04
5.270350148298975412e+00 9.090108972005955280e-04 2.438938840342994902e-06 -8.406179124283185474e-05 -1.116758574336004838e-04
6.336354541280465824e+00 4.854395653119956185e-04 2.700835295240899838e-05 -3.540697437208215688e-05 1.185923888725122407e-05
7.617973710108033814e+00 2.874179768152269475e-04 -2.362216594511060407e-05 -2.310306571724618502e-05 1.323879572159811731e-05
9.158818855513350954e+00 1.703905411041567073e-04 -4.667003746866926566e-06 -1.611911219583840406e-05 -1.586490737085233938e-05
1.101132217308706096e+01 9.698836374812145418e-05 -1.197280138327268446e-07 -6.837618179011835125e-06 -8.038106736395578828e-06
1.323852102681669862e+01 5.622770339496856163e-05 -1.916191197272389817e-06 -3.449402766894678166e-06 -2.728175927684347998e-06
1.591620299747651401e+01 3.238623183971466713e-05 -6.195707067877853238e-07 -2.116634344425231560e-06 -1.874449219390679897e-06
1.913548479801706748e+01 1.883605763684374732e-05 -1.978929571719218407e-07 -1.382024943002539849e-06 -6.595135838333617642e-07
2.300591281181808156e+01 1.087516645450878659e-05 -1.865424645324720614e-07 -7.306801965292173960e-07 -5.549746334022236240e-07
2.765919075955796558e+01 6.217191485830823153e-06 -1.373879467703445447e-07 -4.045024895889768210e-07 -2.950873876910366644e-07
3.325366134051513711e+01 3.581964483132071267e-06 -8.037862017385044782e-08 -2.186795798758159522e-07 -1.445340124251654677e-07
3.997969435051335552e+01 2.071433989650785715e-06 -3.446903923021976824e-08 -1.358101356231581786e-07 -9.585416916947720769e-08
4.806616462449692051e+01 1.191174283192767246e-06 -1.896522803911290900e-08 -7.932652610348128129e-08 -4.932354641523937986e-08
5.778824023649829655e+01 6.830363226416560508e-07 -7.227150478239407563e-09 -4.684672513774560058e-08 -2.956623977906925524e-08
6.947674597546884456e+01 3.901162099675671794e-07 1.987179376541993665e-09 -2.882910220399932471e-08 -1.626452291692811112e-08
8.352942071925460255e+01 2.215024315694701192e-07 5.746472580907621678e-09 -1.664844487395992993e-08 -1.042906784854411206e-08
1.004244517749546617e+02 1.247077344480329112e-07 6.512811914629080966e-09 -9.064112032826603319e-09 -6.592841800363823717e-09
1.207367467349795334e+02 6.966212483673006714e-08 5.739902404928414819e-09 -4.760441708395783415e-09 -3.921449836112375662e-09
1.451574965508759760e+02 3.868901049004571670e-08 4.312036949435131792e-09 -2.011826293363552413e-09 -2.324908649438453937e-09
1.745176955212179735e+02 2.147975325986422413e-08 2.774881148100007276e-09 -5.357657212913802711e-10 -1.253673504765242083e-09
2.098164185365507706e+02 1.202215265955583519e-08 1.461457495396010386e-09 9.943113843377936529e-11 -5.468942994846533326e-10
2.522548178052967387e+02 6.829701736886682423e-09 5.858901199950919727e-10 2.339981826240842658e-10 -1.130726329826630100e-10
3.032769959082038440e+02 3.895190949797834536e-09 2.283166905216048773e-10 8.583827309632903636e-11 7.403133329974439396e-11
3.646191460180442050e+02 2.208502658629651894e-09 1.222686121521732458e-10 -1.830104918889362262e-11 5.492261840997572263e-11
4.383686314380674958e+02 1.237626424102003518e-09 9.495669289016518584e-11 -4.783488836382610807e-11 7.349483892407540319e-12
5.270350148298973636e+02 6.787389369688518683e-10 8.769973534179755650e-11 -3.912276645976500495e-11 -1.691073436605672787e-11
6.336354541280463764e+02 3.560986840247826217e-10 8.758967750181185129e-11 -2.699448276153247766e-11 -1.835082016838179179e-11
7.617973710108035448e+02 1.720400401376299342e-10 8.297465538508835486e-11 -1.178173535426322625e-11 -1.584495805045204901e-11
9.158818855513352446e+02 7.614211089013961480e-11 6.230866707205671329e-11 6.027980819278828719e-12 -1.154796892097257503e-11
