1.096859299856046827e-01 0.000000000000000000e+00 0.000000000000000000e+00 0.000000000000000000e+00 0.000000000000000000e+00
1.309341347505346698e-01 0.000000000000000000e+00 0.000000000000000000e+00 0.000000000000000000e+00 0.000000000000000000e+00
1.562985119889227503e-01 0.000000000000000000e+00 0.000000000000000000e+00 0.000000000000000000e+00 0.000000000000000000e+00
1.865764408685006426e-01 0.000000000000000000e+00 0.000000000000000000e+00 0.000000000000000000e+00 0.000000000000000000e+00
2.227197677328127123e-01 0.000000000000000000e+00 0.000000000000000000e+00 0.000000000000000000e+00 0.000000000000000000e+00
2.658647292662157935e-01 0.000000000000000000e+00 0.000000000000000000e+00 0.000000000000000000e+00 0.000000000000000000e+00
3.173676723325018489e-01 0.000000000000000000e+00 0.000000000000000000e+00 0.000000000000000000e+00 0.000000000000000000e+00
3.788476934106403959e-01 1.839103020807469346e-01 -3.769816360838911251e-01 2.742147477419245583e-01 3.252104939179979726e-02
4.522375380823059343e-01 0.000000000000000000e+00 0.000000000000000000e+00 0.000000000000000000e+00 0.000000000000000000e+00
5.398443606968545971e-01 0.000000000000000000e+00 0.000000000000000000e+00 0.000000000000000000e+00 0.000000000000000000e+00
6.444222543135191827e-01 3.736701535905802979e-02 7.490918860261165657e-02 -1.005750825405561100e-01 -1.675503978106038794e-01
7.692588310424444131e-01 6.590278726562331935e-02 -1.463577337443370818e-01 1.449026471315048026e-01 -9.135234260219615710e-02
9.182785746081484346e-01 2.582894344796757974e-02 -6.299840737855841311e-02 8.018349495940885197e-02 -8.762905785527959346e-02
1.096166214226855562e+00 7.592254599369994972e-02 -7.794398378078147040e-03 4.444729806270995148e-02 3.652891876441836765e-03
1.308513998298588277e+00 3.124373322698445130e-02 -1.506254799634845418e-02 6.900212504327265031e-03 -5.519898643887044543e-02
1.561997497752662500e+00 6.035132849819330181e-02 -3.158391658011296121e-02 -9.934328265618906292e-03 1.308597087516302424e-02
1.864585465771101180e+00 2.930938576730502537e-02 1.440334561820725418e-02 -2.749207344405565218e-02 -2.690710241760476198e-02
2.225790351243799758e+00 5.395903814166326529e-02 -1.159152931810142166e-02 -9.207056054660487862e-04 2.140696487965694506e-02
2.656967341339436128e+00 5.624628083825306685e-02 6.233624026799390073e-03 1.213551296743781670e-03 -4.419156725768949752e-03
3.171671334184473778e+00 5.688687778108768300e-02 4.732277145414201525e-03 -1.715747889041626664e-04 -1.596848789209413463e-02
3.786083063789675407e+00 6.052920368514881633e-02 -2.458739784967382477e-03 -1.122014211460811272e-03 -6.017316165620827800e-03
4.519517773300682606e+00 6.217783506649050829e-02 2.591984337457094688e-03 -1.323363545733103816e-02 -1.022571583070714524e-02
5.395032427718406964e+00 5.798261150680408121e-02 -3.112260852129894798e-03 -1.007467756180586115e-02 2.120950383743575897e-03
6.440150555017352119e+00 5.926425839145481322e-02 1.018716754921928161e-03 -9.599391031452266659e-03 9.673895503901480935e-04
7.687727502470369956e+00 5.830261244500990758e-02 5.692964534701562334e-04 -1.322758543057000677e-03 -2.749768495328513106e-03
9.176983309217074947e+00 5.549530220931400692e-02 -2.271863194788718409e-03 -3.321557661428381405e-03 -4.598617956991527846e-03
1.095473566545985733e+01 5.632355124121603968e-02 1.813964025351281779e-03 -1.086395000160381456e-03 -2.701782096166603121e-03
1.307687171878886367e+01 5.640136165733188045e-02 -1.144911447509373934e-03 -2.274615636441176033e-03 -2.888929681580127123e-03
1.561010499676731200e+01 5.504760952506319860e-02 7.555015925671888961e-04 -2.968509249029300471e-03 -2.025670322154500373e-03
1.863407267809981960e+01 5.453238074928764417e-02 1.133850122416310644e-03 -1.408974597584368611e-03 -2.067196030542650751e-03
2.224383914423468411e+01 5.394924318586347828e-02 1.870078028394508811e-03 -3.029826785877329579e-03 -1.292090675757488240e-03
2.655288451547686890e+01 5.305251339130873794e-02 2.507283804625909211e-03 -1.345546752208779187e-03 -2.355296223291560367e-03
3.169667212213197516e+01 5.206424738586593048e-02 2.626590532825015707e-03 -1.866565743245137896e-03 -2.822009845819629503e-03
3.783690706116470892e+01 5.092940588536368218e-02 3.170104113377947633e-03 -2.039060518123551533e-03 -2.332396847447751331e-03
4.516661971449014601e+01 4.949736403575312471e-02 3.997659278943439289e-03 -1.372128730655373463e-03 -2.027388928854895536e-03
5.391623403930977076e+01 4.794737607206659563e-02 4.840686797776471047e-03 -1.580296901036528506e-03 -2.392434820449798518e-03
6.436081139915435756e+01 4.595640000828241090e-02 5.979445279322221501e-03 -1.294790993249128001e-03 -1.663652181855628269e-03
7.682869765973268272e+01 4.356062363061470599e-02 7.613452070916394872e-03 -1.036837123500822071e-03 -1.671502421930223456e-03
9.171184538807980857e+01 4.067074944873741438e-02 9.264523297784368547e-03 -7.259711443712097085e-04 -1.761327454919296926e-03
1.094781356536705488e+02 3.731344907067163374e-02 1.112491329654342019e-02 -1.597623641786250067e-04 -1.686288980813215564e-03
1.306860867915902418e+02 3.337581597931491700e-02 1.323086125462122863e-02 6.748301615516756440e-04 -1.470165080385057825e-03
1.560024125267102022e+02 2.888906051990715318e-02 1.533215974848215271e-02 1.691827237984127328e-03 -1.152441286902995427e-03
1.862229814330926843e+02 2.406022935078199962e-02 1.685550417835893211e-02 3.015148428789806226e-03 -9.240220045981446025e-04
2.222978366305223688e+02 1.925104779738061322e-02 1.744196885143725617e-02 4.855921001939541432e-03 -2.597549799152750697e-04
2.653610622616148476e+02 1.484607386917745527e-02 1.678222578200493087e-02 6.598188562092929983e-03 7.410110195938000768e-04
3.167664356610484901e+02 1.106404420459027906e-02 1.492437563787317283e-02 7.728767368298933120e-03 2.073645430431488891e-03
3.781299860130974366e+02 7.905834817032884529e-03 1.247398877633720815e-02 7.823315507891542148e-03 3.311343592897966412e-03
4.513807974127082616e+02 5.313943643447968310e-03 9.901752101586124705e-03 7.016401146913146813e-03 3.874010854528779982e-03
5.388216534244261311e+02 3.272808592702330672e-03 7.394563626699260893e-03 5.739429106199377302e-03 3.660176416471414007e-03
6.432014296203600452e+02 1.776056061561944160e-03 5.071106379747904701e-03 4.325645698307927466e-03 2.950150323270117180e-03
