1.096859299856046827e-01 0.000000000000000000e+00 0.000000000000000000e+00 0.000000000000000000e+00 0.000000000000000000e+00
1.309341347505346698e-01 8.909869596374750955e+00 -1.820342045224339245e+01 1.312819486859737594e+01 1.601218586589914450e+00
1.562985119889227503e-01 1.440449904872214049e+01 -2.483589351607942319e+01 9.772225171924795006e+00 6.364995799529589604e+00
1.865764408685006426e-01 6.158707505060172949e+00 1.645722121117799119e+01 -1.078673987876958895e+00 -1.063054846576134338e+01
2.227197677328127123e-01 6.336095944645162348e+00 -1.848951997846770334e+00 -7.409722218958934015e+00 -1.858365817229629791e+00
2.658647292662157935e-01 4.789170866973964991e+00 4.110804768545705201e+00 7.207303304788768017e+00 6.746515090252673374e+00
3.173676723325018489e-01 5.630985969704932259e+00 -1.356950306491183644e+00 -1.229412836825000965e-01 -2.314973433234533751e+00
3.788476934106403959e-01 5.241443609301283502e+00 -9.973743041685880772e-01 -5.510615793890911718e-01 -1.562006767776132232e+00
4.522375380823059343e-01 6.487112442629684672e+00 -1.508496909628001870e+00 6.846412872475593492e-02 -1.121537778705819166e+00
5.398443606968545971e-01 6.419713795389701438e+00 4.917079672180445504e-01 1.108059424106145219e+00 -8.813567886616440195e-01
6.444222543135191827e-01 6.445810149437503078e+00 -7.305309888657335327e-01 -3.538876973514171187e+00 1.190891117309397673e+00
7.692588310424444131e-01 5.821412875130061337e+00 4.214963786793756717e-01 -1.955856883439193838e+00 1.555953021167842731e+00
9.182785746081484346e-01 5.882541870274615725e+00 3.701792067645477413e-01 -9.205289254221222794e-01 5.204146699941110399e-02
1.096166214226855562e+00 5.770113495521194125e+00 -1.625653554817127200e-01 -3.264249127096267578e-01 -2.552072951562228686e-01
1.308513998298588277e+00 5.699749618694164077e+00 -3.541613852611565916e-01 6.943030078200354005e-01 -1.430166661826227370e-01
1.561997497752662500e+00 5.468355156097168823e+00 -3.130495568398400930e-01 -4.360088840813817757e-01 3.885098719322014477e-02
1.864585465771101180e+00 5.468514344478754730e+00 -2.473030522716554158e-01 -9.385248520002859030e-04 -7.042193921122423816e-01
2.225790351243799758e+00 5.484777524046712038e+00 -9.671001321790123617e-02 -6.162398256467680469e-01 -3.201415033257779541e-01
2.656967341339436128e+00 5.493742188604539223e+00 -1.556616655230065593e-01 -1.176831516759636459e-01 -1.763982663170474835e-02
3.171671334184473778e+00 5.468192359271329295e+00 -1.764109975451640944e-01 -3.200699584950515431e-01 -4.221165176437636224e-01
3.786083063789675407e+00 5.470015845355161943e+00 -2.629064541913132824e-03 -3.113428275167355874e-01 -2.326640138851467088e-01
4.519517773300682606e+00 5.464770927442239135e+00 -2.643775617028502195e-02 -1.656425311575775994e-01 -2.531965932854870482e-01
5.395032427718406964e+00 5.414130329583162649e+00 3.476478658150941592e-02 -3.003027083883902382e-01 -2.071576258039174445e-01
6.440150555017352119e+00 5.347148599669182545e+00 5.586328598397596878e-02 -2.478290047608099345e-01 -2.296292506099036346e-01
7.687727502470369956e+00 5.332543132824336674e+00 8.733993805059986348e-03 -2.788562338045292299e-01 -1.734359633640252529e-01
9.176983309217074947e+00 5.271879033601354791e+00 -4.615428577885161143e-04 -2.535779193551028210e-01 -2.155472066090547145e-01
1.095473566545985733e+01 5.231411613533600402e+00 2.868508636304941545e-02 -2.114856300967374869e-01 -2.255405592747818100e-01
1.307687171878886367e+01 5.156540046617456241e+00 7.043426303619884643e-02 -1.878400533133324224e-01 -2.321674513754037883e-01
1.561010499676731200e+01 5.101328671179972574e+00 7.754783150858934881e-02 -2.249718582204251471e-01 -2.044393780299626484e-01
1.863407267809981960e+01 5.025431517040059859e+00 1.054325028524591423e-01 -1.971495651890618483e-01 -2.221043424321014204e-01
2.224383914423468411e+01 4.942574863146574238e+00 1.348430252353201297e-01 -1.772697572290841406e-01 -2.203137396547217297e-01
2.655288451547686890e+01 4.851880192181947216e+00 1.848643880313474153e-01 -1.426254286024640217e-01 -2.113457952390401517e-01
3.169667212213197516e+01 4.753259144665176628e+00 2.171409053965831504e-01 -1.377061739581293687e-01 -2.009578167220489875e-01
3.783690706116470892e+01 4.644903799607337014e+00 2.727209106433600150e-01 -1.213822880752088718e-01 -2.007626396564353433e-01
4.516661971449014601e+01 4.519214984367549093e+00 3.287111895177929899e-01 -1.149957415335348399e-01 -1.902376315972755250e-01
5.391623403930977076e+01 4.369638740491420315e+00 3.982179833772878652e-01 -1.139404724968539895e-01 -1.797195464090440009e-01
6.436081139915435756e+01 4.189025765972351323e+00 4.965381453435111503e-01 -1.051229741898826453e-01 -1.635506964005058184e-01
7.682869765973268272e+01 3.971310294765700633e+00 6.342857148694469593e-01 -7.888848719422546230e-02 -1.530973976729045061e-01
9.171184538807980857e+01 3.710362616845334305e+00 8.096606912178448967e-01 -3.983326325381456035e-02 -1.608141781937743042e-01
1.094781356536705488e+02 3.401864428638778914e+00 1.003733975355474151e+00 1.077249620345367698e-02 -1.658791147648447650e-01
1.306860867915902418e+02 3.045648091985073247e+00 1.211503896364280131e+00 8.274846054713985710e-02 -1.561760689597787022e-01
1.560024125267102022e+02 2.640473086031937644e+00 1.393578514236419430e+00 1.595522614355221747e-01 -1.358197256188493907e-01
1.862229814330926843e+02 2.201766766520747431e+00 1.527009121464624419e+00 2.717217085891682204e-01 -9.248996960784008903e-02
2.222978366305223688e+02 1.763553673412917133e+00 1.584327474022895643e+00 4.304418330514902524e-01 -2.424027312759052116e-02
2.653610622616148476e+02 1.360620271010195559e+00 1.533809795410125076e+00 5.975482392503305151e-01 6.951970860944006736e-02
3.167664356610484901e+02 1.013593106556216261e+00 1.370675356562278235e+00 7.018148362245837379e-01 1.819423586616747968e-01
3.781299860130974366e+02 7.239450471033211931e-01 1.149072685909182212e+00 7.145494970858293771e-01 2.974504135748740619e-01
4.513807974127082616e+02 4.860950638074624797e-01 9.137780211728467883e-01 6.441460579429634237e-01 3.513815879551436816e-01
5.388216534244261311e+02 2.989492220207110584e-01 6.836615786970401398e-01 5.305391848709335445e-01 3.350450092176088801e-01
6.432014296203600452e+02 1.632119422208222481e-01 4.682285321968481795e-01 4.023915338589177937e-01 2.729497273521300782e-01
